3,1
3,3
10,30
10,268
10,232
10,208
10,102
10,250
10,184
9,2
8,16
8,14
8,9
8,12
8,13
8,2
8,3
116,3
116,2
116,1
116,0
115,4
115,3
115,2
115,1
115,0
114,4
114,3
114,2
114,1
114,0
26,3
26,2
26,1
20,3
20,2
20,1
19,3
19,2
19,1
12,3
12,2
12,1
11,29
11,28
11,27
11,26
11,25
11,24
11,23
11,22
11,21
11,20
11,18
11,17
11,16
11,15
11,14
11,12
11,10
11,6
11,4
11,3
11,2
11,1
10,308
10,306
10,304
10,294
10,288
10,286
10,274
10,262
10,242
10,240
10,236
10,226
18,1
10,222
18,3
10,214
10,212
10,202
14,1
10,198
10,192
14,3
10,190
13,1
10,182
10,174
13,3
10,172
10,168
10,162
10,160
10,156
10,150
10,146
10,144
10,142
10,136
10,124
10,112
10,110
10,100
10,94
10,92
10,84
10,82
10,80
10,76
10,72
10,34
10,26
10,20
10,18
10,14
